22
19
21
24
29
31
30
32
29
25
32
34
35
31
31
33
30
32
33
30
35
41
42
40
39
33
31
32
37
43
59
49
42
30
29
25
26
25
16
15
15
17
20
21
30
28
26
23
23
24
25
27
27
33
43
44
56
42
29
25
24
26
23
22
23
36
14
14
14
20
20
19
20
20
22
26
29
31
31
38
37
34
31
28
26
25
22
22
21
25
27
29
33
30
28
26
24
24
26
29
31
33
38
37
35
30
24
15
15
14
15
14
15
15
18
21
24
32
32
30
29
28
28
33
34
32
30
26
22
16
14
16
19
17
13
12
14
15
16
22
32
32
34
34
31
29
28
28
29
26
22
20
23
21
19
19
21
20
21
20
22
22
23
29
32
34
34